// obj: 424
// running_duration: 0.1354379653930664
// num_nodes: 1000
// alg_name: greedy
// problem: MIS
1 1
2 1
3 1
4 1
5 1
6 1
7 1
8 1
9 1
10 1
11 1
12 1
13 1
14 1
15 1
16 1
17 1
18 1
19 1
20 1
21 1
22 1
23 1
24 1
25 1
26 1
27 1
28 1
29 1
30 1
31 1
32 2
33 1
34 1
35 1
36 1
37 1
38 1
39 1
40 1
41 1
42 1
43 1
44 1
45 1
46 1
47 1
48 1
49 1
50 1
51 1
52 1
53 1
54 1
55 1
56 1
57 1
58 2
59 1
60 2
61 1
62 1
63 1
64 1
65 1
66 1
67 2
68 1
69 1
70 1
71 1
72 1
73 2
74 1
75 1
76 1
77 1
78 1
79 1
80 1
81 1
82 1
83 1
84 1
85 1
86 1
87 1
88 2
89 1
90 1
91 1
92 1
93 1
94 1
95 1
96 1
97 1
98 1
99 1
100 1
101 1
102 1
103 1
104 1
105 1
106 1
107 1
108 1
109 1
110 2
111 1
112 1
113 1
114 1
115 1
116 1
117 1
118 2
119 1
120 1
121 1
122 1
123 2
124 1
125 2
126 1
127 1
128 1
129 1
130 1
131 2
132 1
133 1
134 1
135 1
136 1
137 1
138 1
139 1
140 1
141 1
142 1
143 1
144 1
145 1
146 1
147 1
148 1
149 1
150 2
151 1
152 1
153 2
154 1
155 1
156 1
157 1
158 1
159 1
160 1
161 1
162 2
163 1
164 1
165 1
166 1
167 1
168 2
169 1
170 1
171 1
172 1
173 2
174 1
175 1
176 1
177 1
178 1
179 1
180 1
181 2
182 2
183 1
184 1
185 1
186 1
187 1
188 1
189 1
190 1
191 1
192 1
193 2
194 1
195 1
196 1
197 1
198 1
199 1
200 1
201 1
202 1
203 1
204 1
205 1
206 1
207 2
208 1
209 1
210 1
211 1
212 1
213 1
214 1
215 1
216 1
217 2
218 2
219 1
220 1
221 1
222 1
223 1
224 1
225 1
226 1
227 1
228 2
229 2
230 1
231 1
232 2
233 1
234 1
235 1
236 1
237 1
238 1
239 2
240 2
241 1
242 2
243 1
244 1
245 2
246 1
247 1
248 1
249 1
250 1
251 2
252 2
253 2
254 1
255 1
256 1
257 2
258 1
259 1
260 1
261 2
262 2
263 1
264 2
265 1
266 1
267 1
268 1
269 1
270 1
271 1
272 1
273 1
274 1
275 2
276 1
277 1
278 2
279 1
280 1
281 1
282 1
283 1
284 1
285 1
286 1
287 1
288 1
289 1
290 1
291 2
292 1
293 2
294 1
295 1
296 2
297 1
298 1
299 1
300 1
301 1
302 1
303 1
304 1
305 1
306 1
307 1
308 1
309 1
310 1
311 1
312 1
313 1
314 2
315 1
316 1
317 2
318 2
319 1
320 2
321 2
322 1
323 1
324 1
325 2
326 1
327 2
328 2
329 2
330 2
331 2
332 1
333 1
334 1
335 1
336 1
337 2
338 1
339 1
340 2
341 1
342 1
343 1
344 2
345 2
346 1
347 1
348 1
349 1
350 1
351 2
352 2
353 1
354 2
355 1
356 1
357 1
358 1
359 1
360 1
361 1
362 1
363 1
364 1
365 1
366 2
367 1
368 1
369 1
370 1
371 1
372 2
373 1
374 1
375 1
376 1
377 1
378 2
379 1
380 2
381 1
382 1
383 2
384 1
385 1
386 1
387 1
388 1
389 1
390 1
391 1
392 1
393 2
394 1
395 1
396 1
397 1
398 1
399 1
400 2
401 2
402 1
403 1
404 1
405 1
406 1
407 2
408 1
409 1
410 2
411 1
412 1
413 1
414 2
415 1
416 1
417 1
418 1
419 2
420 1
421 1
422 1
423 1
424 1
425 2
426 1
427 2
428 2
429 1
430 1
431 2
432 2
433 2
434 2
435 1
436 2
437 1
438 1
439 2
440 1
441 2
442 1
443 2
444 1
445 1
446 1
447 2
448 2
449 2
450 1
451 2
452 1
453 1
454 2
455 2
456 1
457 1
458 1
459 1
460 2
461 2
462 1
463 1
464 1
465 1
466 1
467 2
468 1
469 1
470 2
471 2
472 1
473 1
474 1
475 1
476 2
477 1
478 2
479 2
480 1
481 1
482 2
483 1
484 1
485 1
486 1
487 1
488 1
489 1
490 1
491 1
492 2
493 1
494 2
495 1
496 1
497 2
498 2
499 1
500 1
501 2
502 1
503 1
504 1
505 1
506 1
507 1
508 1
509 2
510 1
511 2
512 1
513 1
514 1
515 1
516 2
517 1
518 1
519 1
520 1
521 2
522 1
523 1
524 1
525 2
526 2
527 2
528 1
529 1
530 1
531 2
532 1
533 2
534 1
535 1
536 2
537 2
538 2
539 2
540 1
541 1
542 1
543 2
544 1
545 2
546 2
547 1
548 2
549 1
550 2
551 2
552 1
553 2
554 2
555 2
556 1
557 1
558 1
559 2
560 2
561 1
562 2
563 2
564 1
565 2
566 2
567 2
568 2
569 1
570 2
571 1
572 1
573 2
574 1
575 1
576 1
577 2
578 2
579 1
580 1
581 2
582 2
583 2
584 1
585 1
586 1
587 2
588 1
589 2
590 2
591 1
592 2
593 1
594 1
595 1
596 1
597 2
598 2
599 1
600 2
601 1
602 1
603 2
604 2
605 2
606 1
607 1
608 2
609 1
610 1
611 1
612 1
613 2
614 1
615 1
616 1
617 1
618 1
619 2
620 2
621 1
622 1
623 2
624 2
625 1
626 2
627 2
628 1
629 1
630 2
631 2
632 2
633 2
634 1
635 1
636 2
637 1
638 2
639 2
640 2
641 1
642 1
643 2
644 2
645 2
646 2
647 2
648 2
649 2
650 2
651 2
652 1
653 1
654 1
655 1
656 2
657 2
658 2
659 1
660 2
661 2
662 2
663 2
664 1
665 2
666 1
667 1
668 2
669 1
670 1
671 1
672 1
673 2
674 1
675 1
676 1
677 2
678 2
679 2
680 2
681 1
682 2
683 1
684 2
685 2
686 1
687 2
688 2
689 2
690 1
691 1
692 2
693 2
694 1
695 2
696 1
697 1
698 2
699 1
700 2
701 2
702 1
703 2
704 1
705 1
706 1
707 2
708 1
709 2
710 2
711 1
712 1
713 2
714 2
715 2
716 2
717 2
718 2
719 1
720 2
721 2
722 2
723 1
724 1
725 2
726 2
727 2
728 1
729 1
730 1
731 1
732 1
733 1
734 1
735 2
736 1
737 1
738 2
739 1
740 2
741 2
742 1
743 2
744 1
745 2
746 1
747 1
748 2
749 2
750 2
751 2
752 1
753 1
754 1
755 1
756 2
757 1
758 2
759 1
760 2
761 2
762 2
763 2
764 2
765 2
766 2
767 1
768 1
769 2
770 2
771 1
772 2
773 2
774 2
775 2
776 2
777 1
778 1
779 2
780 1
781 2
782 2
783 2
784 2
785 1
786 2
787 2
788 2
789 1
790 1
791 2
792 2
793 2
794 2
795 2
796 2
797 2
798 2
799 2
800 2
801 1
802 2
803 1
804 2
805 1
806 2
807 1
808 2
809 2
810 1
811 2
812 2
813 1
814 2
815 2
816 2
817 2
818 1
819 2
820 2
821 2
822 2
823 2
824 2
825 2
826 2
827 2
828 2
829 2
830 2
831 1
832 2
833 2
834 2
835 2
836 2
837 1
838 1
839 2
840 2
841 2
842 1
843 2
844 1
845 1
846 2
847 2
848 2
849 1
850 1
851 2
852 2
853 2
854 2
855 2
856 2
857 2
858 2
859 2
860 2
861 2
862 1
863 1
864 2
865 2
866 2
867 1
868 1
869 2
870 2
871 2
872 2
873 2
874 1
875 2
876 1
877 2
878 2
879 2
880 1
881 1
882 2
883 2
884 2
885 2
886 2
887 2
888 2
889 2
890 2
891 2
892 1
893 2
894 2
895 1
896 2
897 2
898 2
899 2
900 2
901 2
902 2
903 2
904 1
905 2
906 2
907 2
908 1
909 2
910 2
911 2
912 2
913 2
914 2
915 2
916 1
917 2
918 2
919 2
920 2
921 2
922 2
923 2
924 2
925 2
926 2
927 2
928 1
929 2
930 2
931 2
932 2
933 2
934 2
935 2
936 2
937 2
938 2
939 2
940 2
941 2
942 2
943 2
944 2
945 2
946 2
947 2
948 1
949 2
950 2
951 2
952 2
953 2
954 2
955 2
956 2
957 1
958 2
959 2
960 2
961 1
962 1
963 2
964 2
965 2
966 2
967 2
968 2
969 2
970 2
971 2
972 2
973 2
974 1
975 2
976 2
977 1
978 2
979 2
980 2
981 2
982 2
983 2
984 2
985 2
986 2
987 2
988 2
989 2
990 2
991 2
992 1
993 2
994 2
995 2
996 2
997 2
998 2
999 2
1000 2
